SNP	BETA	SE	N
s2	0.0189	0.0085	487511
s3	0.0189	0.0085	487511
s4	-0.0205	0.0084	487511
s5	0.0223	0.0085	487511
s6	0.022	0.0085	487511
s7	0.0223	0.0271	487511
s8	-0.0202	0.0086	487511
s9	-0.0215	0.0085	487511
s11	-0.022	0.0085	487511
s12	0.0191	0.0084	487511
s13	-0.0192	0.0084	487511
s16	-0.006	0.0197	487511
s17	-0.0048	0.0114	487511
s18	0.018	0.0085	487511
s19	-0.0627	0.0461	485999
s21	-0.0374	0.0149	487511
s22	0.0201	0.0218	487511
s23	0.0081	0.0113	487511
s24	0.0053	0.0112	487511
s25	-0.007	0.0112	487511
s26	-0.0474	0.0367	486567
s27	0.0077	0.0112	487511
s28	-0.0076	0.0112	487511
s29	-0.0076	0.0112	487511
s30	0.0075	0.0112	487511
s31	-0.0074	0.0112	487511
s32	0.0074	0.0112	487511
s33	0.0158	0.0095	487511
s34	0.0075	0.0112	487511
s35	0.0074	0.0113	487511
s37	0.0069	0.0113	487511
s38	-0.0068	0.0112	487511
s39	-0.0072	0.0113	487511
s40	-0.0072	0.0113	487511
s41	0.007	0.0112	487511
s42	-0.0068	0.0113	487511
s43	0.0071	0.0113	487511
s44	0.0072	0.0113	487511
s45	-0.0165	0.0095	487511
s46	-0.0045	0.0115	478937
s47	0.0064	0.0113	487511
s48	-0.0031	0.0208	487511
s49	-0.0056	0.0113	487511
s50	0.0055	0.0113	487511
s51	0.0089	0.01	487511
s54	0.0048	0.0103	487511
s57	0.0724	0.025	487511
s58	0.0087	0.0368	485999
s59	0.0039	0.012	487511
s62	-0.0763	0.0329	486943
s63	-0.0049	0.0244	487511
s65	0.0195	0.0129	487511
s68	-0.0038	0.012	487511
s69	-0.0194	0.0206	487511
s76	-0.003	0.012	487511
s81	0.0039	0.0371	485999
s86	-0.0061	0.0248	486567
s90	-0.0189	0.0129	487511
s102	0.0016	0.0121	487511
s103	-0.0019	0.0119	487511
s104	-0.0097	0.0124	487511
s106	0.008	0.0083	487511
s107	-0.007	0.0085	478937
s108	0.0055	0.0093	487511
s109	0.0079	0.0082	487511
s110	0.0081	0.0082	487511
s111	0.0085	0.0083	487511
s113	-0.0074	0.0084	478937
s114	0.0562	0.0277	486567
s115	-0.0085	0.0083	487511
s116	-0.0092	0.0084	487511
s117	-0.0083	0.0083	487511
s118	0.0076	0.0083	487511
s119	0.008	0.0083	487511
s120	-0.0074	0.0083	487511
s121	-0.0013	0.012	487511
s123	-0.0132	0.0082	487511
s125	0.0102	0.0083	487511
s126	0.0063	0.0115	487511
s127	-0.0052	0.0082	487511
s128	-0.0048	0.0082	487511
s131	-0.0305	0.0454	485999
s133	0.0445	0.0358	486943
s134	-0.0049	0.0152	487511
s136	0.0036	0.0082	487511
s137	0.0091	0.0343	485999
s138	0.0028	0.0082	487511
s140	0.0114	0.034	485999
s144	0.0026	0.0081	487511
s145	-0.0037	0.0082	487511
s146	-0.0048	0.0084	478937
s147	-0.0048	0.0083	487511
s149	0.0031	0.0083	487511
s152	-0.015	0.024	487511
s153	-0.0004	0.0182	478937
s154	-0.0282	0.022	487511
s160	-0.0272	0.0222	487511
s174	-0.0021	0.0116	487511
s176	-0.0288	0.0221	487511
s181	-0.0277	0.0221	487511
s182	-0.0068	0.017	487511
s191	-0.0005	0.0272	487511
s193	0.026	0.0181	487511
s195	-0.027	0.0221	487511
s200	0.0003	0.0086	487511
s204	0.0117	0.0087	487511
s205	0.0116	0.0087	487511
s206	-0.0117	0.0087	487511
s207	-0.0117	0.0087	487511
s208	-0.0118	0.0087	487511
s209	0.0107	0.0087	487511
s210	-0.011	0.0087	487511
s211	-0.0109	0.0087	487511
s212	0.01	0.0086	487511
s214	0.0102	0.0086	487511
s215	0.0118	0.0124	487511
s216	0.0102	0.0086	487511
s217	-0.0085	0.0091	478937
s218	-0.0096	0.0088	478937
s219	0.0096	0.0086	487511
s220	0.0094	0.0086	487511
s221	-0.0087	0.0086	487511
s222	-0.0016	0.0084	487511
s224	0.0095	0.0086	487511
s225	0.0095	0.0086	487511
s226	0.0087	0.0088	478937
s227	-0.0094	0.0086	487511
s228	0.0095	0.0086	487511
s229	0.0095	0.0086	487511
s230	-0.0175	0.0172	487511
s231	-0.0094	0.0086	487511
s232	-0.0112	0.0087	487511
s233	-0.0108	0.0087	487511
s234	-0.0179	0.0162	487511
s236	-0.0117	0.0087	487511
s237	-0.0117	0.0087	487511
s238	-0.0104	0.0087	487511
s239	0.0102	0.0089	478937
s240	-0.01	0.0089	478937
s241	0.0117	0.0087	487511
s242	0.012	0.0087	487511
s245	0.045	0.0387	479528
s247	0.0085	0.014	487511
s250	-0.0099	0.014	487511
s251	0.107	0.0338	486567
s258	0.0939	0.0333	486567
s261	-0.0245	0.0267	486943
s263	-0.0694	0.0174	487511
s264	0.019	0.0339	485999
s266	0.0105	0.014	487511
s268	-0.0082	0.0143	478937
s276	-0.0264	0.0269	487511
s277	-0.036	0.0282	487511
s279	0.0202	0.0258	487511
s281	0.0323	0.0271	487511
s283	0.0214	0.0258	487511
s284	0.029	0.0268	487511
s285	-0.0224	0.0259	487511
s287	-0.0218	0.0257	487511
s288	-0.0324	0.0271	487511
s289	0.0221	0.0257	487511
s290	-0.0222	0.0257	487511
s291	0.0227	0.0257	487511
s293	-0.1301	0.0415	485999
s295	0.0313	0.0276	487511
s297	-0.0248	0.0256	487511
s298	-0.0285	0.027	487511
s299	0.0271	0.0275	478937
s301	0.103	0.0339	486567
s302	0.0289	0.027	487511
s303	-0.0292	0.009	478937
s304	0.0189	0.0376	485999
s305	0.0242	0.0261	487511
s306	0.0244	0.0259	487511
s310	0.0594	0.0435	485999
s311	-0.0257	0.0261	487511
s312	0.0254	0.0261	487511
s316	0.0031	0.0135	478937
s318	0.0251	0.0261	487511
s320	0.0242	0.0261	487511
s321	0.0278	0.0269	487511
s322	-0.0305	0.0274	487511
s323	-0.0238	0.0254	487511
s324	-0.0256	0.0154	487511
s325	0.0215	0.0257	487511
s326	0.0279	0.03	486943
s329	0.0556	0.0215	487511
s330	-0.0077	0.0213	487511
s331	-0.0288	0.0263	487511
s332	-0.0625	0.0108	487511
s333	-0.0264	0.0154	487511
s334	-0.0659	0.0171	478937
s335	-0.0232	0.026	487511
s336	0.0283	0.0263	487511
s337	0.0296	0.0263	487511
s338	-0.108	0.0334	486567
s339	0.0	0.0397	477993
s340	-0.0261	0.0269	487511
s341	0.0216	0.0257	487511
s342	-0.0264	0.0269	487511
s343	0.0278	0.0263	487511
s345	0.0275	0.0268	487511
s356	-0.0591	0.0265	487511
s359	-0.071	0.0102	478937
s368	0.0636	0.0166	487511
s369	0.0697	0.01	487511
s370	-0.0702	0.01	487511
s374	-0.0429	0.0252	487511
s376	-0.0344	0.0267	487511
s378	0.0087	0.0152	487511
s379	0.028	0.0298	486943
s381	0.0698	0.01	487511
s391	0.0695	0.0102	478937
s393	-0.0706	0.0102	478937
s394	0.0379	0.0266	487511
s395	0.0635	0.0211	478937
s401	-0.0241	0.025	486567
s403	0.0703	0.01	487511
s404	0.0137	0.0245	487511
s411	-0.0706	0.01	487511
s412	0.0698	0.01	487511
s414	-0.0376	0.0266	487511
s415	-0.0356	0.0272	487511
s420	0.0705	0.01	487511
s425	0.0638	0.013	487511
s426	0.0696	0.01	487511
s431	0.0944	0.024	487511
s432	-0.0596	0.0262	487511
s437	-0.1215	0.0406	485999
s439	-0.0701	0.01	487511
s441	0.0693	0.01	487511
s442	-0.0408	0.0283	487511
s444	-0.0692	0.01	487511
s449	0.038	0.0266	487511
s453	-0.0335	0.0271	487511
s454	-0.0575	0.0095	487511
s458	0.0577	0.0095	487511
s460	-0.0577	0.0095	487511
s461	-0.0577	0.0095	487511
s463	-0.0407	0.0251	487511
s466	0.0572	0.0095	487511
s467	0.0577	0.0095	487511
s471	-0.058	0.0095	487511
s472	0.058	0.0095	487511
s475	-0.035	0.0256	487511
s476	-0.0581	0.0095	487511
s478	-0.0562	0.0097	478937
s479	-0.0573	0.0095	487511
s480	-0.0573	0.0095	487511
s488	0.0574	0.0095	487511
s492	0.0558	0.0095	487511
s499	-0.0592	0.0261	487511
s501	0.0334	0.0272	478937
s502	-0.057	0.0095	487511
s507	0.1149	0.0408	485999
s509	0.057	0.0095	487511
s510	-0.0316	0.0302	487511
s512	0.0574	0.0095	487511
s513	-0.0571	0.0095	487511
s515	-0.0574	0.0095	487511
s520	0.0571	0.0095	487511
s522	-0.0573	0.0095	487511
s526	0.0573	0.0095	487511
s527	-0.0565	0.0095	487511
s529	0.0575	0.0095	487511
s530	-0.0575	0.0095	487511
s532	-0.0364	0.0269	486943
s534	-0.0574	0.0095	487511
s535	0.0574	0.0095	487511
s537	-0.0576	0.0095	487511
s538	0.0573	0.0095	487511
s541	0.0618	0.0217	487511
s545	0.0574	0.0095	487511
s546	-0.0564	0.0095	487511
s547	-0.0294	0.0092	487511
s555	-0.0562	0.0095	487511
s556	-0.042	0.0251	487511
s558	0.0283	0.0152	487511
s564	0.05	0.0092	487511
s565	-0.0599	0.026	487511
s567	0.0249	0.0257	486567
s569	-0.0499	0.0092	487511
s570	0.0495	0.0094	478937
s571	0.0498	0.0092	487511
s573	0.0499	0.0092	487511
s574	0.0497	0.0092	487511
s576	0.05	0.0092	487511
s577	0.0496	0.0094	478937
s578	-0.0564	0.0095	487511
s579	0.0499	0.0092	487511
s581	0.05	0.0092	487511
s584	0.0363	0.0378	486567
s586	-0.0496	0.0092	487511
s587	-0.0499	0.0092	487511
s590	0.047	0.0195	478937
s591	0.05	0.0092	487511
s592	0.0498	0.0092	487511
s593	-0.0604	0.0207	487511
s595	-0.0195	0.0266	487511
s597	0.0498	0.0092	487511
s598	0.0602	0.0207	487511
s600	-0.0489	0.0092	487511
s601	0.0499	0.0092	487511
s602	0.0612	0.0163	487511
s603	-0.0501	0.0092	487511
s605	-0.0298	0.0092	487511
s606	-0.0501	0.0092	487511
s608	-0.0502	0.0092	487511
s610	-0.0503	0.0092	487511
s613	0.0503	0.0092	487511
s615	0.0502	0.0092	487511
s616	0.0502	0.0092	487511
s618	0.0502	0.0092	487511
s622	0.0487	0.0092	487511
s624	0.0242	0.0155	487511
s625	-0.0169	0.0138	487511
s626	-0.0501	0.0092	487511
s627	-0.0501	0.0092	487511
s631	-0.0296	0.0273	487511
s638	-0.0489	0.0092	487511
s640	-0.0361	0.027	487511
s646	-0.05	0.0092	487511
s655	0.0499	0.0092	487511
s656	-0.0069	0.0251	487511
s657	-0.0502	0.0092	487511
s661	0.0499	0.0092	487511
s662	0.0501	0.0092	487511
s663	-0.0363	0.027	487511
s664	0.0568	0.0095	487511
s665	0.0296	0.0092	487511
s668	-0.0597	0.0164	487511
s672	-0.0368	0.0258	486943
s673	0.0362	0.0258	486943
s679	0.0599	0.0266	487511
s685	-0.0495	0.0092	487511
s691	-0.0354	0.0289	486943
s693	0.0305	0.017	487511
s701	0.0149	0.0271	487511
s708	-0.0208	0.0089	487511
s712	0.0507	0.0092	487511
s719	-0.0276	0.0274	487511
s723	0.0205	0.0089	487511
s724	-0.0495	0.0094	478937
s730	-0.0205	0.0089	487511
s734	-0.0432	0.0251	487511
s740	0.0507	0.0092	487511
s741	0.0205	0.0089	487511
s742	0.0209	0.0089	487511
s743	-0.0352	0.027	487511
s745	-0.0355	0.027	487511
s747	-0.02	0.009	487511
s750	-0.0208	0.0089	487511
s753	-0.0209	0.0089	487511
s757	-0.0207	0.0089	487511
s759	0.0506	0.0092	487511
s760	0.0506	0.0092	487511
s764	0.0157	0.0081	487511
s765	0.0167	0.0081	487511
s770	0.0132	0.0083	478937
s771	-0.0158	0.0081	487511
s772	-0.0159	0.0081	487511
s773	0.0637	0.0166	487511
s775	0.042	0.0259	486943
s777	0.0654	0.0361	485999
s778	0.0163	0.0081	487511
s779	0.0158	0.0081	487511
s780	0.0164	0.0081	487511
s782	-0.0156	0.0081	487511
s783	0.0131	0.0083	478937
s785	0.0155	0.0081	487511
s786	-0.0191	0.0081	487511
s787	-0.0155	0.0081	487511
s788	0.013	0.0083	478937
s791	-0.0272	0.039	485999
s792	0.0146	0.0082	487511
s794	0.0151	0.0082	487511
s796	-0.0338	0.0272	487511
s799	0.0097	0.0085	487511
s802	-0.069	0.016	487511
s804	0.0098	0.0085	487511
s819	0.0103	0.0087	478937
s824	-0.0036	0.0081	487511
s827	-0.0021	0.0081	487511
s833	0.0268	0.0083	487511
s834	-0.0254	0.0174	487511
s835	-0.0192	0.0086	487511
s836	0.0127	0.0272	487511
s837	0.0154	0.0376	485999
s838	0.0399	0.0204	487511
s839	-0.0167	0.0086	487511
s840	0.0026	0.0083	478937
s841	-0.0418	0.0419	486943
s842	-0.0174	0.0086	487511
s844	-0.0005	0.0381	485999
s845	0.0184	0.009	478937
s849	0.0194	0.0088	487511
s851	-0.0203	0.0088	487511
s855	0.0203	0.0088	487511
s856	0.0205	0.0088	487511
s857	-0.0201	0.0088	487511
s858	0.0195	0.0088	487511
s861	0.006	0.0081	487511
s863	-0.0153	0.0376	485999
s864	-0.0205	0.0088	487511
s865	-0.0204	0.0088	487511
s867	-0.0186	0.0089	478937
s870	0.0257	0.0412	485999
s873	0.0198	0.0088	487511
s876	0.0054	0.0081	487511
s880	0.0198	0.0088	487511
s881	0.0219	0.0154	487511
s882	0.0056	0.0081	487511
s883	0.02	0.0088	487511
s884	-0.0201	0.0088	487511
s885	-0.0281	0.0085	487511
s886	-0.0202	0.0088	487511
s887	-0.02	0.0088	487511
s889	0.0201	0.0088	487511
s890	0.0201	0.0088	487511
s891	-0.0202	0.0088	487511
s892	0.0194	0.0088	487511
s894	-0.0209	0.0371	487511
s896	-0.0203	0.0088	487511
s897	-0.0201	0.0088	487511
s898	-0.0201	0.0088	487511
s899	0.0192	0.0088	487511
s901	-0.0191	0.0088	487511
s903	0.004	0.0081	487511
s904	-0.0201	0.0088	487511
s905	0.0851	0.0309	485999
s906	0.02	0.0088	487511
s908	0.0199	0.0088	487511
s909	0.0041	0.0081	487511
s911	-0.0201	0.0088	487511
s912	-0.0646	0.0159	487511
s913	0.02	0.0088	487511
s914	-0.0195	0.0088	487511
s915	0.0204	0.0159	487511
s916	-0.0438	0.0217	487511
s917	-0.02	0.0154	487511
s918	-0.0191	0.0088	487511
s919	0.0193	0.0088	487511
s921	0.0192	0.0088	487511
s923	-0.0187	0.0088	487511
s928	0.0046	0.0081	487511
s932	-0.021	0.0154	487511
s935	0.0194	0.0088	487511
s936	-0.0787	0.0247	487511
s940	0.0666	0.021	487511
s943	-0.0191	0.0088	487511
s944	0.0185	0.0088	487511
s945	-0.0191	0.0088	487511
s946	-0.0191	0.0088	487511
s950	-0.019	0.0088	487511
s951	-0.0125	0.032	477993
s954	-0.0188	0.0088	487511
s955	0.0003	0.0081	487511
s957	0.0003	0.0081	487511
s958	0.0093	0.0282	486943
s961	-0.019	0.0088	487511
s962	0.0184	0.0088	487511
s963	-0.0187	0.0088	487511
s969	0.0035	0.0081	487511
s981	0.0377	0.0267	487511
s986	0.0719	0.0141	487511
s988	0.031	0.0082	487511
s989	-0.0615	0.0155	487511
s997	0.0062	0.0083	487511
s999	-0.0379	0.0082	487511
s1001	-0.0059	0.0083	487511
s1003	0.0847	0.0267	487511
s1004	0.016	0.0084	487511
s1005	-0.0252	0.0155	487511
s1006	0.0158	0.0084	487511
s1009	-0.0614	0.0102	487511
s1011	0.037	0.0087	487511
s1012	-0.0362	0.0121	487511
s1015	-0.0715	0.0384	486943
s1016	-0.0367	0.0121	487511
s1019	0.0367	0.0121	487511
s1021	0.0355	0.0121	487511
s1022	0.0122	0.0093	487511
s1023	-0.027	0.0109	487511
s1024	-0.0359	0.0087	487511
s1026	-0.0127	0.0088	487511
s1027	-0.0508	0.0096	487511
s1029	-0.0047	0.0324	486943
s1031	-0.0511	0.0096	487511
s1032	-0.0508	0.0096	487511
s1033	-0.0509	0.0096	487511
s1038	-0.0127	0.0088	487511
s1040	-0.0359	0.0087	487511
s1046	0.0118	0.0094	487511
s1048	-0.0117	0.0094	487511
s1049	0.0187	0.0089	487511
s1053	-0.06	0.0102	487511
s1056	-0.0119	0.0094	487511
s1059	0.0118	0.0094	487511
s1061	0.012	0.0094	487511
s1064	0.0846	0.0271	487511
s1065	-0.0187	0.0088	487511
s1082	-0.0194	0.0108	478937
s1101	0.1131	0.0266	487511
s1105	-0.0955	0.0267	486567
s1107	0.0198	0.0106	487511
s1108	0.0432	0.0309	485999
s1111	0.0163	0.0316	486943
s1112	0.019	0.0262	487511
s1118	0.0398	0.0211	478937
s1119	0.0182	0.0106	487511
s1121	-0.019	0.0106	487511
s1125	0.017	0.0106	487511
s1134	0.0178	0.0105	487511
s1135	-0.0189	0.0106	487511
s1136	0.0189	0.0106	487511
s1145	0.019	0.0106	487511
s1148	-0.0182	0.0106	487511
s1150	-0.0258	0.0156	487511
s1151	-0.0434	0.0309	485999
s1153	0.0163	0.0106	487511
s1161	0.0935	0.0288	486567
s1163	0.0059	0.0417	485999
s1166	-0.0163	0.0106	487511
s1167	-0.0187	0.0269	478937
s1169	0.0164	0.0106	487511
s1173	-0.0169	0.0106	487511
s1174	0.0163	0.0105	487511
s1176	-0.0155	0.0105	487511
s1177	0.0171	0.0106	487511
s1178	0.0986	0.0266	486567
s1180	0.0025	0.0413	485999
s1193	0.0276	0.0126	487511
s1202	0.0157	0.0105	487511
s1203	0.0145	0.0105	487511
s1204	0.0163	0.0106	487511
s1205	-0.0991	0.0206	478937
s1208	-0.0163	0.0636	470621
s1209	0.0972	0.0267	486567
s1219	0.0182	0.0321	486943
s1221	0.0161	0.0106	487511
s1224	-0.0164	0.0106	487511
s1237	-0.0159	0.0106	487511
s1259	-0.0157	0.0106	487511
s1265	-0.0336	0.0093	487511
s1274	-0.0228	0.0134	487511
s1276	-0.0091	0.022	487511
s1278	-0.0055	0.0128	487511
s1279	-0.0085	0.0131	478937
s1280	-0.0054	0.0132	478937
s1281	0.0059	0.0174	487511
s1282	0.0216	0.0187	487511
s1283	0.0054	0.0128	487511
s1284	0.0033	0.0174	487511
s1285	0.0052	0.0128	487511
s1286	-0.0047	0.0128	487511
s1287	0.0082	0.0131	478937
s1289	0.0036	0.0174	487511
s1290	0.0042	0.0174	487511
s1291	-0.0042	0.0174	487511
s1292	-0.0192	0.0186	487511
s1293	-0.0192	0.0186	487511
s1302	-0.0193	0.0186	487511
s1311	0.0136	0.0231	487511
s1317	0.0241	0.0294	485999
s1327	0.0366	0.0093	487511
s1337	-0.02	0.0186	487511
s1343	-0.0198	0.0186	487511
s1347	-0.0286	0.0114	487511
s1355	0.02	0.0186	487511
s1356	-0.0199	0.0186	487511
s1363	0.0198	0.0186	487511
s1366	0.0366	0.0379	485999
s1368	0.073	0.0436	485999
s1369	-0.0319	0.0306	485999
s1370	-0.0198	0.0186	487511
s1372	0.0198	0.0186	487511
s1376	-0.0197	0.0186	487511
s1378	0.026	0.0191	478937
s1380	-0.0203	0.0186	487511
s1388	-0.0265	0.0275	486943
s1393	-0.0353	0.0093	487511
s1395	-0.0264	0.0191	478937
s1397	-0.0255	0.0191	478937
s1398	0.0261	0.0191	478937
s1403	0.0253	0.0136	478937
s1409	0.0201	0.0186	487511
s1410	-0.0196	0.0186	487511
s1415	0.0201	0.0186	487511
s1417	0.0199	0.0186	487511
s1418	0.2417	0.0428	477993
s1420	-0.0199	0.0186	487511
s1422	-0.02	0.0186	487511
s1423	0.0247	0.0221	487511
s1424	-0.0199	0.0186	487511
s1425	0.0201	0.0186	487511
s1426	0.0199	0.0186	487511
s1431	-0.02	0.0186	487511
s1434	-0.02	0.0186	487511
s1435	0.02	0.0186	487511
s1437	-0.0202	0.0186	487511
s1440	-0.0143	0.0231	487511
s1443	-0.0196	0.0186	487511
s1445	-0.0199	0.0186	487511
s1446	-0.0199	0.0186	487511
s1449	0.0202	0.0188	487511
s1450	-0.0353	0.0093	487511
s1463	0.0177	0.0186	487511
s1464	-0.0183	0.0186	487511
s1470	0.0177	0.0186	487511
s1474	0.0067	0.0131	487511
s1475	0.0047	0.0177	487511
s1480	0.0049	0.0177	487511
s1484	-0.0174	0.0186	487511
s1487	-0.0066	0.0131	487511
s1489	-0.0067	0.0131	487511
s1490	0.0049	0.0177	487511
s1496	0.0067	0.0131	487511
s1498	-0.0066	0.0131	487511
s1499	-0.0066	0.0131	487511
s1500	0.0066	0.0131	487511
s1505	-0.0737	0.0314	485999
s1506	-0.0175	0.0186	487511
s1508	-0.0154	0.0248	486943
s1510	0.0066	0.0131	487511
s1511	0.0065	0.0131	487511
s1512	0.0051	0.0177	487511
s1513	0.005	0.0177	487511
s1514	0.0051	0.0177	487511
s1519	0.0067	0.0131	487511
s1520	-0.0172	0.0186	487511
s1523	-0.0171	0.0186	487511
s1524	-0.0164	0.0186	487511
s1528	0.0043	0.0177	487511
s1529	0.0067	0.0131	487511
s1530	0.0137	0.0356	485999
s1532	-0.0172	0.0186	487511
s1533	0.017	0.0186	487511
s1534	0.1231	0.0305	486943
s1535	0.0062	0.0177	487511
s1537	-0.006	0.0177	487511
s1540	-0.0171	0.0186	487511
s1541	0.0204	0.0191	478937
s1542	0.0171	0.0186	487511
s1543	-0.0171	0.0186	487511
s1544	0.017	0.0186	487511
s1545	0.0171	0.0186	487511
s1546	0.0172	0.0186	487511
s1548	-0.0187	0.0273	478937
s1550	0.0169	0.0186	487511
s1551	0.017	0.0186	487511
s1553	-0.0155	0.0186	487511
s1556	-0.0169	0.0186	487511
s1557	-0.0169	0.0188	487511
s1558	-0.0184	0.0185	487511
s1559	0.0171	0.0185	487511
s1561	0.0175	0.0185	487511
s1562	0.0175	0.0185	487511
s1563	-0.0177	0.0185	487511
s1565	-0.0174	0.0185	487511
s1566	0.0112	0.0183	487511
s1567	0.0174	0.0185	487511
s1569	-0.0068	0.0178	487511
s1570	-0.0245	0.0157	487511
s1571	-0.0264	0.0274	478937
s1573	0.0221	0.019	478937
s1576	-0.0026	0.0131	487511
s1579	0.0354	0.0108	487511
s1580	0.0314	0.0084	487511
s1582	-0.021	0.019	478937
s1584	-0.007	0.0181	478937
s1585	0.0173	0.0185	487511
s1586	-0.0173	0.0185	487511
s1587	-0.0172	0.0185	487511
s1588	-0.0172	0.0185	487511
s1591	-0.0345	0.0093	487511
s1592	0.0313	0.0084	487511
s1593	0.0065	0.0181	478937
s1594	-0.0354	0.0093	487511
s1595	0.0315	0.0084	487511
s1596	-0.0315	0.0084	487511
s1597	-0.0847	0.0156	487511
s1598	-0.0039	0.0131	487511
s1599	0.0068	0.0178	487511
s1601	0.0033	0.0131	487511
s1602	-0.0165	0.0186	487511
s1603	0.0067	0.0179	487511
s1604	0.0001	0.0132	487511
s1608	0.0001	0.0133	487511
s1609	-0.013	0.0187	487511
s1610	-0.0275	0.0087	487511
s1611	-0.0449	0.0292	486567
s1617	0.0287	0.0082	487511
s1618	0.029	0.0082	487511
s1619	-0.0295	0.0082	487511
s1620	0.037	0.0214	487511
s1621	0.0298	0.0082	487511
s1622	-0.03	0.0082	487511
s1623	-0.0288	0.0084	478937
s1624	0.0275	0.0084	478937
s1625	-0.0277	0.0084	478937
s1626	0.03	0.0082	487511
s1627	0.0282	0.0084	478937
s1628	-0.0281	0.0084	478937
s1629	0.028	0.0084	478937
s1631	0.042	0.025	487511
s1632	0.0305	0.0082	487511
s1633	0.0284	0.0082	487511
s1634	-0.0222	0.0083	487511
s1635	-0.022	0.0083	487511
s1636	0.0273	0.0082	487511
s1637	0.0276	0.0082	487511
s1639	-0.0276	0.0082	487511
s1640	-0.0276	0.0082	487511
s1643	-0.0278	0.0082	487511
s1644	-0.0113	0.0203	487511
s1645	0.0279	0.0082	487511
s1646	-0.0278	0.0082	487511
s1647	0.0276	0.0082	487511
s1648	0.0365	0.0335	485999
s1649	-0.0278	0.0082	487511
s1650	0.0277	0.0082	487511
s1651	0.0277	0.0082	487511
s1652	-0.0278	0.0082	487511
s1653	0.0276	0.0082	487511
s1655	0.0397	0.0089	487511
s1656	-0.0399	0.0089	487511
s1662	-0.0011	0.0171	487511
s1663	-0.0399	0.0089	487511
s1668	0.0021	0.0171	487511
s1669	0.0019	0.0171	487511
s1674	0.0051	0.0334	486943
s1675	0.023	0.0344	486943
s1676	0.0398	0.0089	487511
s1679	0.0216	0.0228	487511
s1683	0.0018	0.0171	487511
s1687	0.0017	0.0171	487511
s1688	0.039	0.0089	487511
s1690	-0.0354	0.0278	486567
s1692	0.0017	0.0171	487511
s1694	-0.0383	0.0186	487511
s1701	-0.0025	0.0229	91222
s1711	0.0309	0.0115	91222
s1715	0.0009	0.016	487511
s1716	0.0263	0.0204	487511
s1718	0.0203	0.0488	485999
s1719	0.0178	0.0083	487511
s1721	0.0001	0.0164	487511
s1722	-0.0015	0.0164	487511
s1728	-0.025	0.0086	487511
s1730	-0.0313	0.0366	486943
s1732	0.0169	0.0083	487511
s1733	-0.0177	0.0083	487511
s1734	-0.0176	0.0083	487511
s1738	0.0178	0.0083	487511
s1741	-0.0309	0.0366	486943
s1742	-0.0143	0.0168	487511
s1748	-0.0198	0.0172	487511
s1749	-0.0188	0.0083	487511
s1751	-0.0003	0.0164	487511
s1752	0.0005	0.0164	487511
s1753	-0.001	0.0164	487511
s1754	0.0939	0.0342	486943
s1756	0.0008	0.0164	487511
s1757	0.0008	0.0164	487511
s1759	-0.0135	0.0491	485999
s1762	-0.0349	0.0367	486943
s1765	-0.0291	0.0347	486943
s1770	-0.0195	0.0086	487511
s1771	0.0345	0.0162	487511
s1774	0.0249	0.0188	487511
s1778	-0.0004	0.0163	487511
s1779	-0.0256	0.0099	487511
s1781	0.0173	0.017	487511
s1783	-0.0285	0.0085	487511
s1802	-0.0114	0.0166	487511
s1812	-0.0299	0.0347	486943
s1814	-0.0279	0.0316	485999
s1815	-0.0003	0.0163	487511
s1816	-0.019	0.0086	487511
s1818	-0.0015	0.0163	487511
s1819	-0.0003	0.0419	477993
s1821	-0.0007	0.0164	487511
s1822	-0.0106	0.0148	487511
s1824	-0.0286	0.0316	485999
s1825	0.0012	0.0164	487511
s1827	-0.0026	0.0167	478937
s1828	-0.0181	0.0082	487511
s1829	0.0149	0.035	478937
s1830	-0.0201	0.0214	487511
s1833	-0.0381	0.0367	486943
s1834	-0.001	0.0166	487511
s1836	0.0137	0.0155	487511
s1838	-0.0277	0.0099	487511
s1839	-0.0008	0.0166	487511
s1840	0.0192	0.0083	487511
s1841	0.0262	0.0098	487511
s1843	0.0261	0.0098	487511
s1846	-0.0013	0.0166	487511
s1848	0.0011	0.0166	487511
s1852	0.0227	0.0346	486943
s1853	-0.0281	0.0352	485999
s1855	-0.0114	0.0192	487511
s1856	0.0002	0.0166	487511
s1857	-0.0014	0.0165	487511
s1858	0.0275	0.0222	487511
s1859	0.0007	0.0166	487511
s1861	0.0031	0.0165	487511
s1863	0.0279	0.0315	485999
s1864	-0.0216	0.0081	487511
s1865	0.0023	0.017	478937
s1866	-0.0273	0.0098	487511
s1867	-0.0296	0.0315	486567
s1872	0.0008	0.0166	487511
s1873	-0.0003	0.0166	487511
s1879	0.027	0.0098	487511
s1880	-0.0221	0.0081	487511
s1881	0.0233	0.0099	487511
s1882	-0.0216	0.0081	487511
s1883	-0.0327	0.0356	478937
s1884	-0.0002	0.0166	487511
s1886	-0.0275	0.0098	487511
s1887	-0.0003	0.0166	487511
s1888	-0.0118	0.0154	487511
s1890	-0.0081	0.0253	478937
s1891	-0.0001	0.0166	487511
s1894	0.0001	0.0166	487511
s1895	0.0511	0.0389	485999
s1896	-0.0272	0.0098	487511
s1901	0.0124	0.0153	487511
s1905	-0.0302	0.0098	487511
s1906	-0.0116	0.0155	487511
s1907	0.0032	0.017	478937
s1910	0.0102	0.0153	487511
s1912	-0.0264	0.017	487511
s1913	0.0504	0.0123	487511
s1915	0.0001	0.0166	487511
s1917	0.0274	0.0085	487511
s1923	-0.0003	0.0166	487511
s1924	-0.0565	0.1027	88433
s1927	0.0277	0.0316	485999
s1928	-0.0284	0.0099	487511
s1929	0.0124	0.0155	487511
s1930	0.0005	0.0166	487511
s1932	-0.0003	0.0166	487511
s1936	0.0003	0.0166	487511
s1938	0.0226	0.0083	487511
s1940	0.0003	0.0166	487511
s1941	-0.0283	0.0099	487511
s1942	0.0081	0.0153	487511
s1943	-0.0005	0.0166	487511
s1945	0.0111	0.0155	487511
s1946	0.0001	0.0149	487511
s1947	0.0002	0.0166	487511
s1948	0.0218	0.0084	487511
s1951	-0.0019	0.017	478937
s1952	0.0001	0.0166	487511
s1953	0.1018	0.0341	486943
s1954	0.0282	0.0099	487511
s1956	0.0247	0.009	487511
s1957	0.0222	0.0083	487511
s1958	-0.0144	0.025	487511
s1959	0.0282	0.0099	487511
s1961	0.0231	0.0081	487511
s1963	0.0001	0.0166	487511
s1965	-0.0495	0.0347	486943
s1968	0.0517	0.0346	486943
s1969	-0.0002	0.0166	487511
s1970	-0.039	0.0202	487511
s1971	0.0003	0.0166	487511
s1972	0.0009	0.0166	487511
s1973	0.0221	0.0084	487511
s1975	0.0	0.0166	487511
s1976	0.0177	0.0238	487511
s1977	-0.0262	0.0099	487511
s1979	-0.0191	0.0376	482996
s1980	0.0545	0.0344	485999
s1983	-0.0026	0.0182	487511
s1987	0.0204	0.0096	487511
s1988	-0.0204	0.0095	487511
s1989	-0.0425	0.0336	486943
s1991	-0.0033	0.0182	487511
s1994	-0.0245	0.0081	487511
s1995	-0.0419	0.0336	486943
s1997	0.0205	0.0096	487511
s1998	-0.0204	0.0096	487511
s1999	-0.018	0.0114	487511
s2000	0.0205	0.0096	487511
s2002	0.0207	0.0096	487511
s2004	-0.026	0.0081	487511
s2005	0.0031	0.0181	487511
s2006	0.0368	0.0321	486943
s2013	0.0207	0.0096	487511
s2014	0.0373	0.0321	486943
s2016	0.0209	0.0096	487511
s2021	0.0208	0.0095	487511
s2022	-0.0208	0.0095	487511
s2023	0.042	0.0336	486943
s2024	0.0316	0.0146	487511
s2026	0.021	0.0096	487511
s2027	0.0319	0.0146	487511
s2028	-0.0326	0.0146	487511
s2029	-0.0285	0.0315	486567
s2031	0.0371	0.0341	478937
s2032	0.0403	0.0162	487511
s2034	0.0379	0.0322	486943
s2035	0.0208	0.0095	487511
s2036	-0.0371	0.0341	478937
s2037	0.0237	0.0099	487511
s2038	0.0068	0.0123	487511
s2041	-0.029	0.0087	487511
s2042	-0.0486	0.0343	486943
s2043	-0.0058	0.0179	487511
s2044	0.0224	0.0096	487511
s2045	0.0293	0.0146	487511
s2046	0.0103	0.0164	487511
s2047	0.0228	0.0098	478937
s2048	0.0192	0.0321	485999
s2051	-0.0103	0.0128	487511
s2052	-0.0039	0.0182	487511
s2054	0.0031	0.0182	487511
s2057	-0.0329	0.009	487511
s2058	0.0322	0.0089	487511
s2060	0.0231	0.0082	487511
s2061	0.0037	0.0182	487511
s2062	-0.0288	0.0094	487511
s2067	-0.0213	0.0084	487511
s2069	0.0214	0.0084	487511
s2070	-0.0215	0.0084	487511
s2071	-0.0001	0.0184	487511
s2072	0.0342	0.0267	486943
s2075	0.0253	0.0087	487511
s2076	-0.0225	0.0081	487511
s2077	0.0224	0.0086	478937
s2078	-0.0215	0.0084	487511
s2079	-0.0282	0.0094	487511
s2080	0.0037	0.0182	487511
s2083	0.0258	0.0084	478937
s2084	-0.0256	0.0084	478937
s2085	0.0229	0.0084	487511
s2087	0.0229	0.0081	487511
s2089	-0.0323	0.0089	487511
s2090	0.0026	0.0182	487511
s2091	0.0226	0.0081	487511
s2094	-0.0016	0.0182	487511
s2096	0.0018	0.0182	487511
s2097	0.0198	0.0208	487511
s2098	0.0215	0.0082	487511
s2100	0.0001	0.0179	487511
s2101	0.0243	0.0081	487511
s2102	0.0317	0.009	487511
s2103	-0.0026	0.0096	487511
s2104	-0.0024	0.0096	487511
s2105	-0.0024	0.0096	487511
s2107	-0.0027	0.0096	487511
s2108	-0.0002	0.0179	487511
s2110	-0.0278	0.0319	486567
s2111	-0.0026	0.0096	487511
s2114	0.0317	0.009	487511
s2115	0.0103	0.01	487511
s2116	-0.0103	0.01	487511
s2117	-0.0106	0.01	487511
s2118	0.0255	0.0081	487511
s2119	-0.03	0.009	487511
s2120	0.006	0.0091	478937
s2123	-0.0538	0.0262	486943
s2124	-0.0233	0.0083	487511
s2125	0.0231	0.0083	487511
s2128	0.0211	0.0086	487511
s2130	0.0317	0.009	487511
s2131	-0.0266	0.0086	487511
s2136	-0.0281	0.0087	487511
s2137	-0.0157	0.0081	487511
s2140	0.0157	0.0081	487511
s2142	-0.0279	0.0087	487511
s2143	0.0158	0.0081	487511
s2144	0.0241	0.0118	487511
s2145	-0.0236	0.0118	487511
s2146	0.0321	0.032	486567
s2147	-0.0218	0.0082	487511
s2149	-0.0197	0.0083	487511
s2154	-0.011	0.0116	487511
s2156	-0.0373	0.0315	486567
s2157	0.0241	0.0165	487511
s2158	-0.0363	0.0315	486567
s2159	-0.0235	0.0117	487511
s2161	-0.0362	0.0315	486567
s2162	-0.0228	0.0118	487511
s2164	0.0127	0.0251	487511
s2166	-0.0358	0.0315	486567
s2167	0.0246	0.0165	487511
s2171	-0.0222	0.0086	487511
s2172	0.0219	0.0086	487511
s2173	-0.0242	0.0165	487511
s2175	-0.0231	0.0118	487511
s2176	-0.0221	0.0168	478937
s2177	0.0085	0.0116	487511
s2178	-0.0224	0.0168	478937
s2179	0.0247	0.0165	487511
s2180	0.0247	0.0165	487511
s2185	-0.0209	0.0086	487511
s2187	-0.0195	0.0164	487511
s2188	0.0194	0.0163	487511
s2189	0.0189	0.0164	487511
s2192	0.0124	0.0242	487511
s2194	-0.0326	0.0315	486567
s2196	0.0331	0.0315	486567
s2197	0.0085	0.0148	487511
s2198	0.0102	0.0148	487511
s2199	-0.0074	0.0117	487511
s2200	-0.0085	0.0151	478937
s2201	0.0091	0.0148	487511
s2202	-0.0091	0.0148	487511
s2203	-0.0545	0.0361	485999
s2204	-0.0115	0.0241	487511
s2205	0.0347	0.0386	485999
s2206	0.0006	0.0188	487511
s2207	-0.0315	0.0316	486567
s2208	-0.0167	0.023	487511
s2210	0.0146	0.0088	487511
s2211	-0.0323	0.0315	486567
s2212	0.0006	0.0188	487511
s2214	0.0314	0.0316	486567
s2215	-0.0004	0.0188	487511
s2219	-0.0004	0.0188	487511
s2220	0.0136	0.0141	487511
s2221	0.0143	0.0231	487511
s2222	0.0005	0.0188	487511
s2223	-0.0128	0.0234	478937
s2225	0.0216	0.031	486567
s2226	0.0356	0.0228	487511
s2227	0.0098	0.0103	487511
s2228	-0.0126	0.0082	487511
s2229	0.0288	0.0315	486567
s2233	0.029	0.0315	486567
s2234	0.0305	0.0315	486567
s2236	0.0145	0.0083	478937
s2237	-0.0123	0.0081	487511
s2238	-0.0321	0.0314	486567
s2239	-0.031	0.0315	486567
s2240	-0.0248	0.0322	477993
s2242	-0.0321	0.0314	486567
s2243	-0.0152	0.0082	487511
s2244	-0.0129	0.0082	487511
s2245	-0.0146	0.0083	478937
s2247	-0.0246	0.0085	478937
s2250	-0.0136	0.0082	487511
s2251	0.045	0.0167	487511
s2252	0.0301	0.0315	486567
s2254	0.0324	0.0314	486567
s2257	0.0319	0.0314	486567
s2258	0.0295	0.0315	486567
s2261	-0.032	0.0314	486567
s2262	0.0223	0.0084	487511
s2264	0.032	0.0314	486567
s2265	-0.0295	0.0315	486567
s2266	0.0326	0.0314	486567
s2268	-0.0324	0.0314	486567
s2269	-0.0326	0.0314	486567
s2274	-0.0321	0.0314	486567
s2277	-0.0321	0.0314	486567
s2279	0.0325	0.0314	486567
s2281	-0.0327	0.0314	486567
s2283	-0.0238	0.0086	487511
s2285	-0.0328	0.0314	486567
s2286	-0.0324	0.0314	486567
s2287	-0.0327	0.0314	486567
s2288	-0.0327	0.0314	486567
s2290	0.0328	0.0314	486567
s2291	-0.0299	0.0315	486567
s2293	-0.0301	0.0314	486567
s2294	-0.0245	0.0322	477993
s2295	0.0325	0.0314	486567
s2296	-0.0319	0.0314	486567
s2297	-0.0335	0.0314	486567
s2299	-0.0295	0.0315	486567
s2301	0.0216	0.0324	477993
s2303	-0.0326	0.0313	486567
s2306	0.0324	0.0315	486567
s2307	-0.0299	0.0315	486567
s2308	-0.0321	0.0314	486567
s2309	-0.0318	0.0314	486567
s2311	0.0324	0.0314	486567
s2312	0.0318	0.0314	486567
s2313	-0.0294	0.0315	486567
s2314	-0.0324	0.0314	486567
s2316	0.0324	0.0314	486567
s2317	-0.0315	0.0314	486567
s2318	0.0315	0.0314	486567
s2319	-0.0246	0.0324	477993
s2320	0.0241	0.0322	477993
s2322	0.0324	0.0315	486567
s2323	-0.0319	0.0314	486567
s2324	0.0319	0.0314	486567
s2326	-0.0237	0.0323	477993
s2327	-0.0249	0.0085	478937
s2328	0.0318	0.0314	486567
s2329	-0.0319	0.0314	486567
s2330	-0.0235	0.0086	487511
s2332	0.0319	0.0314	486567
s2333	0.0324	0.0314	486567
s2334	0.0319	0.0314	486567
s2335	0.0319	0.0314	486567
s2336	-0.0319	0.0314	486567
s2337	-0.0223	0.0084	487511
s2339	-0.0326	0.0314	486567
s2341	0.0324	0.0314	486567
s2342	-0.0322	0.0314	486567
s2343	0.0135	0.0476	485999
s2348	-0.024	0.0322	477993
s2349	0.0323	0.0314	486567
s2350	0.0318	0.0314	486567
s2351	-0.0306	0.0313	486567
s2352	0.0234	0.0323	477993
s2353	0.0262	0.0324	477993
s2354	0.0319	0.0314	486567
s2357	-0.0298	0.0315	486567
s2358	-0.0319	0.0314	486567
s2359	0.0248	0.0324	477993
s2360	-0.0319	0.0314	486567
s2361	0.0233	0.0309	486567
s2363	0.0238	0.0321	486567
s2364	0.0233	0.0309	486567
s2365	-0.0233	0.0309	486567
s2366	0.0234	0.0309	486567
s2367	-0.0234	0.0309	486567
s2368	-0.0233	0.0309	486567
s2369	0.0213	0.0084	487511
s2370	-0.0235	0.0309	486567
s2371	0.0237	0.0309	486567
s2372	0.0069	0.0469	485999
s2373	0.0228	0.0083	487511
s2374	0.0229	0.0083	487511
s2375	0.023	0.0083	487511
s2376	-0.0231	0.0083	487511
s2377	-0.0229	0.0083	487511
s2378	0.0233	0.0083	487511
s2379	-0.0228	0.0083	487511
s2380	0.0233	0.0083	487511
s2381	-0.0226	0.0083	487511
s2382	-0.0211	0.0084	487511
s2383	-0.0261	0.0087	478937
s2384	0.0239	0.0085	487511
s2385	-0.0246	0.0085	487511
s2386	0.0239	0.0085	487511
s2387	0.0238	0.0085	487511
s2388	-0.0237	0.0085	487511
s2389	-0.0238	0.0085	487511
s2390	-0.0239	0.0085	487511
s2392	0.0206	0.0157	487511
s2393	0.0237	0.0085	487511
s2394	-0.0238	0.0085	487511
s2395	-0.0238	0.0085	487511
s2396	0.0238	0.0085	487511
s2398	0.0239	0.0085	487511
s2399	-0.0244	0.0085	487511
s2400	0.024	0.0085	487511
s2401	0.0238	0.0085	487511
s2403	-0.0245	0.0085	487511
s2404	-0.0285	0.0315	486567
s2405	0.0237	0.0085	487511
s2406	0.0237	0.0085	487511
s2407	-0.0244	0.0085	487511
s2408	0.0237	0.0085	487511
s2410	-0.0241	0.0085	487511
s2411	0.0241	0.0085	487511
s2412	-0.0241	0.0085	487511
s2413	0.023	0.0086	487511
s2414	0.0247	0.0085	487511
s2416	0.0242	0.0085	487511
s2417	0.024	0.0087	487511
s2418	0.0228	0.0086	487511
s2419	-0.024	0.0085	487511
s2420	0.024	0.0085	487511
s2421	-0.0239	0.0085	487511
s2422	0.024	0.0085	487511
s2423	0.0228	0.0087	487511
s2424	0.0237	0.0085	487511
s2425	-0.0239	0.0085	487511
s2426	0.0236	0.0085	487511
s2427	-0.0225	0.0086	487511
s2428	0.0245	0.0085	487511
s2431	0.0237	0.0085	487511
s2434	0.0238	0.0085	487511
s2435	-0.006	0.0298	487511
s2436	0.0238	0.0085	487511
s2438	0.0238	0.0085	487511
s2439	-0.0214	0.0322	486567
s2440	-0.0283	0.0316	486567
s2442	-0.0243	0.0085	487511
s2444	0.0238	0.0085	487511
s2446	0.0405	0.0347	486943
s2451	-0.0238	0.0087	487511
s2453	-0.0312	0.0312	486567
s2457	-0.0317	0.0311	486567
s2459	-0.0291	0.0311	486567
s2461	-0.0337	0.0305	486567
s2466	0.0305	0.0312	486567
s2469	0.0362	0.0306	486567
s2470	-0.023	0.0087	487511
s2474	-0.0218	0.0088	487511
s2476	0.0324	0.0203	487511
s2478	0.0209	0.0085	487511
s2479	-0.0283	0.009	487511
s2481	-0.0138	0.0162	487511
s2485	-0.0331	0.0342	486943
s2486	0.0519	0.0176	487511
s2490	0.0129	0.0161	487511
s2491	0.0129	0.0161	487511
s2492	-0.0134	0.0161	487511
s2493	0.0247	0.0084	487511
s2499	-0.0112	0.0162	487511
s2501	-0.0301	0.0089	487511
s2506	-0.0314	0.0089	487511
s2507	-0.0415	0.0446	486943
s2509	-0.0537	0.0412	486943
s2511	-0.0491	0.0416	486943
s2512	-0.0608	0.0424	486943
s2513	0.0511	0.043	484841
s2516	-0.0079	0.0169	487511
s2517	-0.004	0.0161	487511
s2519	-0.0062	0.0124	487511
s2521	0.0088	0.0083	487511
s2522	0.0093	0.0084	487511
s2523	0.0054	0.0132	487511
s2524	-0.0129	0.0089	487511
s2527	-0.0092	0.0084	487511
s2528	-0.0472	0.0257	487511
s2531	-0.0041	0.0125	478937
s2532	0.005	0.0122	487511
s2533	0.0154	0.0206	487511
s2537	0.0074	0.0085	487511
s2538	0.002	0.0273	480096
s2541	-0.0081	0.011	487511
s2542	0.0267	0.0143	487511
s2543	-0.0142	0.0087	487511
s2544	0.0213	0.0139	487511
s2545	-0.0025	0.0084	487511
s2546	-0.0024	0.0084	487511
s2547	-0.0201	0.0146	487511
s2548	-0.0199	0.0147	487511
s2551	-0.0197	0.0146	487511
s2552	-0.03	0.0357	483897
s2554	-0.0207	0.0146	487511
s2555	-0.018	0.0136	487511
s2556	0.0047	0.0103	487511
s2557	-0.0228	0.0137	487511
s2558	0.0062	0.0343	485999
s2559	0.0327	0.0357	483897
s2560	-0.0228	0.0137	487511
s2561	0.034	0.0357	483897
s2562	0.0224	0.0135	487511
s2563	0.0334	0.0357	483897
s2565	0.0194	0.0139	487511
s2566	0.0196	0.0139	487511
s2567	-0.0206	0.0147	487511
s2568	-0.0095	0.0401	485999
s2569	0.0283	0.0357	483897
s2570	-0.0203	0.0141	487511
s2571	-0.0296	0.0358	483897
s2572	-0.0204	0.0141	487511
s2573	-0.0206	0.0148	487511
s2574	0.0322	0.0367	483897
s2575	0.031	0.0375	477993
s2577	0.0338	0.0371	482052
s2578	-0.0122	0.061	471522
s2587	-0.0266	0.0159	487511
s2589	-0.019	0.0253	487511
s2591	0.0076	0.0247	480096
s2592	-0.0088	0.0246	480096
s2593	0.0064	0.0245	480096
s2594	-0.0149	0.0253	487511
s2595	0.0042	0.0123	487511
s2596	0.0061	0.0245	480096
s2597	0.0062	0.0245	480096
s2598	0.0127	0.0244	480096
s2599	0.0096	0.0095	487511
s2600	0.0098	0.0095	487511
s2602	0.0306	0.0341	485999
s2603	0.0077	0.0092	487511
s2605	0.0089	0.0091	487511
s2610	-0.0212	0.0085	487511
s2614	0.0121	0.0544	482052
s2617	-0.0208	0.0084	487511
s2619	0.0359	0.0254	487511
s2620	0.0236	0.0154	487511
s2621	-0.0362	0.0253	487511
s2622	-0.0205	0.0084	487511
s2626	0.0134	0.0133	487511
s2627	-0.0187	0.0083	487511
s2628	-0.0182	0.0082	487511
s2630	-0.042	0.0311	486943
s2631	-0.0104	0.0129	487511
s2633	-0.0204	0.0167	487511
s2634	-0.0191	0.0083	487511
s2635	-0.0152	0.0083	487511
s2637	-0.0157	0.0083	487511
s2640	0.0006	0.0113	487511
s2641	-0.0155	0.0083	487511
s2643	-0.0155	0.0083	487511
s2644	0.0383	0.0295	486943
s2645	-0.0348	0.0303	486943
s2646	-0.0382	0.0295	486943
s2648	0.0173	0.0085	478937
s2650	0.0214	0.0207	487511
s2651	-0.0338	0.0302	486943
s2652	0.0345	0.0302	486943
s2653	0.0188	0.0246	487511
s2655	0.0161	0.0102	487511
s2657	0.0066	0.0243	487511
s2658	-0.0152	0.0101	487511
s2659	-0.0153	0.0101	487511
s2663	-0.0028	0.0235	487511
s2664	-0.0343	0.0301	486943
s2665	-0.0139	0.0101	487511
s2666	0.0018	0.0234	487511
s2667	0.0297	0.0305	478937
s2668	-0.0149	0.0082	487511
s2669	0.018	0.014	487511
s2670	0.0102	0.0105	487511
s2671	-0.0074	0.0235	487511
s2674	-0.0006	0.0188	487511
s2677	-0.0173	0.0082	487511
s2680	0.0369	0.0299	487511
s2683	-0.0147	0.0082	487511
s2684	0.0144	0.0081	487511
s2688	0.0167	0.0082	487511
s2691	-0.0143	0.0082	487511
s2693	-0.0121	0.0082	487511
s2698	0.0332	0.0297	487511
s2699	0.0407	0.0307	487511
s2701	-0.0144	0.0082	487511
s2703	0.0402	0.0306	487511
s2707	0.0203	0.0171	487511
s2708	0.019	0.0335	487511
s2711	0.0516	0.0223	487511
s2715	-0.0141	0.0082	487511
s2717	0.0185	0.0153	487511
s2722	-0.0136	0.0082	487511
s2723	0.0113	0.0087	487511
s2726	0.0133	0.0082	487511
s2729	0.0119	0.0084	478937
s2730	-0.0118	0.0126	487511
s2731	0.0134	0.0082	487511
s2733	0.042	0.0307	487511
s2737	-0.0165	0.0166	487511
s2741	0.019	0.0082	487511
s2742	0.0104	0.0125	487511
s2753	0.011	0.0125	487511
s2754	0.0235	0.0082	487511
s2757	-0.0106	0.0108	487511
s2759	-0.0279	0.035	486567
s2763	0.0208	0.0082	487511
s2765	0.0339	0.03	487511
s2767	0.021	0.0081	487511
s2771	0.0224	0.022	486567
s2772	-0.0146	0.0313	485999
s2774	0.004	0.0092	487511
s2776	-0.0056	0.0092	487511
s2777	0.0056	0.0092	487511
s2781	-0.0054	0.0092	487511
s2784	0.0056	0.0092	487511
s2786	-0.0057	0.0092	487511
s2787	-0.0055	0.0092	487511
s2788	0.0025	0.0133	487511
s2789	-0.0055	0.0092	487511
s2790	0.0029	0.0366	485999
s2791	-0.0056	0.0091	487511
s2795	0.0051	0.0092	487511
s2803	-0.0013	0.0098	487511
s2804	0.0035	0.0082	487511
s2806	-0.0048	0.0091	487511
s2808	-0.0146	0.02	487511
s2809	0.002	0.0082	487511
s2810	-0.0041	0.0085	487511
s2811	-0.0018	0.0145	487511
s2813	0.0042	0.0085	487511
s2814	0.0042	0.0085	487511
s2815	-0.0019	0.0082	487511
s2816	0.002	0.0145	487511
s2819	-0.004	0.0085	487511
s2821	0.0055	0.0092	487511
s2822	0.0124	0.0181	487511
s2824	-0.0005	0.0082	487511
s2827	0.0058	0.0087	487511
s2828	0.0075	0.0095	487511
s2830	0.0055	0.0087	487511
s2831	-0.0105	0.0171	487511
s2832	0.0057	0.0087	487511
s2833	0.0073	0.0095	487511
s2835	0.0065	0.0087	487511
s2837	-0.0052	0.0097	487511
s2839	-0.0054	0.0087	487511
s2840	-0.0055	0.0094	487511
s2841	0.0056	0.0087	487511
s2843	-0.0036	0.015	487511
s2848	-0.0268	0.0359	486567
s2849	0.0066	0.0086	487511
s2850	0.0064	0.0086	487511
s2851	0.034	0.0229	487511
s2852	0.0071	0.0086	487511
s2854	0.0072	0.0179	487511
s2857	0.0044	0.0094	487511
s2860	0.0085	0.0144	487511
s2861	0.0018	0.0082	487511
s2866	0.0043	0.0088	487511
s2867	-0.0033	0.0082	487511
s2868	-0.0215	0.0163	487511
s2869	0.0028	0.0173	487511
s2873	-0.0072	0.0143	487511
s2877	0.0578	0.0269	487511
s2879	-0.02	0.0389	485999
s2885	-0.0041	0.0098	487511
s2888	-0.0111	0.0087	487511
s2890	-0.006	0.0083	487511
s2892	0.0131	0.0089	478937
s2896	-0.0048	0.0082	487511
s2899	-0.0209	0.0139	487511
s2904	0.0041	0.0098	487511
s2912	0.0128	0.0147	487511
s2918	0.0147	0.0085	487511
s2927	0.0177	0.0243	487511
s2928	-0.0089	0.017	487511
s2930	-0.0141	0.0148	487511
s2932	0.0106	0.012	487511
s2933	-0.0345	0.0414	485999
s2934	0.0299	0.0416	485999
s2935	0.0141	0.0085	487511
s2937	0.0124	0.0105	487511
s2938	0.0125	0.0105	487511
s2941	0.0138	0.0102	487511
s2944	0.0151	0.0146	487511
s2945	0.0089	0.0121	487511
s2947	0.0049	0.009	487511
s2950	0.0007	0.0091	487511
s2951	-0.0096	0.0119	487511
s2954	-0.0162	0.015	487511
s2955	0.0081	0.0083	487511
s2957	0.0067	0.0245	487511
s2958	0.0153	0.0148	487511
s2962	0.0161	0.0151	487511
s2963	-0.0083	0.0083	487511
s2966	-0.0113	0.0132	478937
s2967	0.0144	0.0132	487511
s2968	-0.014	0.0132	487511
s2969	-0.0143	0.0132	487511
s2971	0.0144	0.0132	487511
s2974	0.0072	0.026	487511
s2976	0.0148	0.0171	487511
s2979	0.0033	0.0081	487511
s2986	0.0122	0.0113	487511
s2993	0.0	0.0082	487511
s3000	0.0046	0.0082	487511
s3001	-0.0045	0.0082	487511
s3002	-0.0048	0.0082	487511
s3003	0.0144	0.0113	487511
s3004	0.0052	0.0082	487511
s3005	0.0378	0.0272	487511
s3007	-0.0144	0.0113	487511
s3008	0.0133	0.0115	478937
s3009	-0.0056	0.0084	478937
s3014	-0.0567	0.0481	485999
s3015	0.015	0.0114	487511
s3020	0.0082	0.0086	487511
s3022	-0.0043	0.0272	487511
s3026	-0.0152	0.0213	487511
s3030	-0.0033	0.0082	487511
s3045	-0.0148	0.0307	485999
s3047	-0.0047	0.0083	487511
s3048	-0.0045	0.0083	487511
s3049	0.0053	0.0085	478937
s3050	0.0053	0.0085	478937
s3051	-0.0045	0.0083	487511
s3053	0.0013	0.0322	485999
s3054	0.005	0.0084	487511
s3058	0.0044	0.0083	487511
s3059	-0.0045	0.0083	487511
s3061	0.0062	0.0083	487511
s3062	-0.0061	0.0083	487511
s3064	-0.0141	0.0171	487511
s3065	0.0262	0.0236	487511
s3066	0.0051	0.0084	487511
s3074	-0.0029	0.0083	487511
s3075	0.0033	0.0083	487511
s3076	0.0144	0.0173	487511
s3077	0.0143	0.0151	487511
s3079	0.0071	0.01	478937
s3080	-0.0021	0.0083	487511
s3083	-0.0472	0.0422	485999
s3086	0.0468	0.0419	485999
s3090	0.0077	0.0087	487511
s3092	0.01	0.0101	487511
s3095	0.0511	0.0419	485999
s3098	0.0113	0.0086	487511
s3100	-0.0114	0.0088	487511
s3103	0.0077	0.0362	485999
s3104	0.0687	0.0338	486943
s3105	-0.0407	0.0407	90278
s3108	-0.0066	0.0238	487511
s3110	-0.0059	0.01	487511
s3113	-0.0061	0.0082	487511
s3117	0.0046	0.0101	487511
s3122	0.0057	0.0114	487511
s3123	0.0582	0.0459	484154
s3124	0.0119	0.0163	487511
s3125	-0.0126	0.0164	487511
s3126	-0.0046	0.0102	487511
s3127	0.0128	0.0163	487511
s3128	0.0126	0.0163	487511
s3129	0.0048	0.0087	487511
s3130	0.0129	0.0179	487511
s3131	-0.0121	0.0163	487511
s3134	0.006	0.0105	487511
s3135	-0.0045	0.0101	487511
s3136	0.0451	0.0437	483897
s3138	-0.0131	0.0162	487511
s3140	-0.0116	0.0179	487511
s3141	0.0109	0.0162	487511
s3142	0.0116	0.0166	478937
s3143	0.0112	0.0179	487511
s3144	-0.0008	0.0094	487511
s3146	0.011	0.0163	487511
s3147	-0.0115	0.0178	487511
s3151	0.0117	0.0163	487511
s3152	0.0135	0.0176	487511
s3157	0.0112	0.0163	487511
s3165	-0.001	0.0094	487511
s3169	-0.011	0.0163	487511
s3171	0.0129	0.0164	487511
s3172	-0.0165	0.018	487511
s3173	0.0133	0.0164	487511
s3174	-0.017	0.0178	487511
s3175	-0.0006	0.0095	487511
s3176	0.0123	0.0168	487511
s3177	0.0139	0.0164	487511
s3179	0.0135	0.0164	487511
s3182	-0.0134	0.0164	487511
s3183	0.0133	0.0164	487511
s3187	-0.0036	0.0109	487511
s3188	-0.0798	0.0429	486567
s3189	-0.0141	0.0165	487511
s3190	-0.0017	0.011	487511
s3191	-0.0045	0.0101	487511
s3192	0.0164	0.0171	487511
s3194	-0.0051	0.0121	487511
s3195	0.0015	0.0094	487511
s3196	-0.0113	0.0258	487511
s3197	0.0114	0.009	487511
s3198	-0.0036	0.0111	487511
s3200	0.0035	0.0085	487511
s3201	0.0087	0.0294	487511
s3202	-0.0199	0.015	487511
s3203	-0.0081	0.0086	487511
s3206	0.0022	0.0085	487511
s3207	0.0111	0.0259	487511
s3208	-0.0105	0.0204	487511
s3209	0.0111	0.0204	487511
s3210	-0.0247	0.0262	487511
s3211	-0.0052	0.0083	487511
s3212	-0.025	0.0262	487511
s3214	0.0197	0.0331	485999
s3215	-0.0206	0.0186	487511
s3216	0.0214	0.0158	487511
s3217	-0.0214	0.0158	487511
s3218	-0.0027	0.0085	487511
s3220	-0.009	0.0083	487511
s3221	-0.0088	0.0083	487511
s3222	0.0231	0.0158	487511
s3226	-0.0079	0.0082	487511
s3227	0.0077	0.0082	487511
s3228	0.0025	0.0082	487511
s3232	-0.0279	0.0273	487511
s3233	0.0098	0.0209	487511
s3235	-0.008	0.0086	487511
s3240	-0.0108	0.0083	487511
s3243	0.012	0.0083	487511
s3244	-0.0118	0.0083	487511
s3245	0.0118	0.0083	487511
s3246	0.0003	0.0235	487511
s3247	-0.0118	0.0083	487511
s3249	-0.0087	0.0085	487511
s3250	0.0195	0.0128	487511
s3255	-0.0111	0.0083	487511
s3257	-0.0021	0.0235	487511
s3259	-0.0009	0.0235	487511
s3262	0.01	0.0083	487511
s3267	0.0106	0.0083	487511
s3268	-0.0089	0.0244	486567
s3269	0.0382	0.0313	485999
s3272	-0.0092	0.0083	487511
s3274	-0.0062	0.0085	487511
s3275	-0.0061	0.0085	487511
s3276	-0.001	0.0238	487511
s3277	-0.006	0.0085	487511
s3278	0.0063	0.0085	487511
s3279	-0.0063	0.0084	487511
s3280	-0.0064	0.0085	487511
s3282	-0.0092	0.0083	487511
s3283	-0.0064	0.0085	487511
s3285	-0.0063	0.0084	487511
s3286	-0.0011	0.0238	487511
s3287	-0.0063	0.0085	487511
s3288	0.0064	0.0085	487511
s3289	-0.0063	0.0085	487511
s3291	0.0059	0.0085	487511
s3292	0.0175	0.0128	487511
s3293	-0.0063	0.0085	487511
s3295	0.0063	0.0085	487511
s3296	0.0104	0.0083	487511
s3299	-0.0094	0.0083	487511
s3300	0.0063	0.0085	487511
s3301	0.0494	0.0377	485999
s3303	0.0062	0.0084	487511
s3304	-0.0061	0.0085	487511
s3305	0.006	0.0085	487511
s3306	-0.0176	0.0128	487511
s3309	0.0054	0.0086	487511
s3310	0.0054	0.0086	487511
s3313	-0.0103	0.0083	487511
s3314	0.0081	0.0088	487511
s3315	0.0074	0.0115	487511
s3316	-0.008	0.0088	487511
s3319	-0.0082	0.0088	487511
s3320	0.0082	0.0088	487511
s3322	-0.0189	0.0226	487511
s3323	0.0176	0.0226	487511
s3324	-0.0078	0.0275	487511
s3325	-0.008	0.0082	487511
s3326	0.0071	0.0088	487511
s3329	0.0035	0.0113	487511
s3330	-0.0206	0.0226	487511
s3331	-0.0079	0.0083	487511
s3332	0.0046	0.0114	487511
s3333	-0.0078	0.0082	487511
s3334	0.0033	0.0113	487511
s3335	0.0077	0.0082	487511
s3336	0.0076	0.0088	487511
s3337	-0.0083	0.0082	487511
s3338	-0.0083	0.0082	487511
s3339	0.0045	0.0083	487511
s3340	-0.0083	0.0082	487511
s3341	-0.0033	0.0113	487511
s3342	0.0203	0.0226	487511
s3343	-0.0083	0.0083	487511
s3344	-0.0184	0.0226	487511
s3345	-0.007	0.0088	487511
s3346	0.0081	0.0083	487511
s3347	0.0035	0.0113	487511
s3348	0.0071	0.0088	487511
s3349	0.0078	0.0088	487511
s3350	0.0037	0.0113	487511
s3351	-0.0072	0.0088	487511
s3352	0.0071	0.0088	487511
s3353	0.0074	0.0088	487511
s3354	0.0075	0.0088	487511
s3355	-0.0158	0.0234	487511
